--- train_loss ---
0.0331,0.0191,0.0149,0.0126,0.0110,0.0099,0.0090,0.0082,0.0076,0.0071,0.0067,0.0064,0.0062,0.0059,0.0058,0.0056,0.0055,0.0055,0.0054,0.0053,0.0051,0.0048,0.0047,0.0047,0.0046,0.0045,0.0045,0.0044,0.0044,0.0044,0.0044,0.0043,0.0043,0.0043,0.0043,0.0042,0.0042,0.0042,0.0042,0.0042,0.0042,0.0042,0.0041,0.0041,0.0041,0.0041,0.0041,0.0041,0.0041,0.0041,0.0041,0.0041,0.0040,0.0041,0.0040,0.0040,0.0040

--- train_f1_score ---
0.1280,0.0001,0.0025,0.0793,0.3050,0.4765,0.5996,0.6661,0.7109,0.7364,0.7504,0.7656,0.7754,0.7788,0.7862,0.7914,0.7933,0.7952,0.7987,0.8005,0.8106,0.8186,0.8225,0.8246,0.8270,0.8288,0.8297,0.8312,0.8323,0.8333,0.8338,0.8353,0.8362,0.8365,0.8377,0.8381,0.8385,0.8390,0.8394,0.8397,0.8406,0.8412,0.8414,0.8423,0.8424,0.8425,0.8430,0.8435,0.8443,0.8442,0.8444,0.8450,0.8452,0.8456,0.8461,0.8463,0.8459

--- train_acc ---
0.0684,0.0000,0.0012,0.0413,0.1799,0.3128,0.4282,0.4994,0.5514,0.5827,0.6005,0.6203,0.6332,0.6378,0.6477,0.6548,0.6575,0.6601,0.6649,0.6673,0.6815,0.6929,0.6986,0.7015,0.7050,0.7076,0.7090,0.7111,0.7128,0.7142,0.7150,0.7171,0.7185,0.7189,0.7207,0.7213,0.7219,0.7227,0.7232,0.7237,0.7250,0.7260,0.7262,0.7275,0.7277,0.7279,0.7286,0.7294,0.7305,0.7304,0.7308,0.7316,0.7318,0.7326,0.7332,0.7335,0.7330

--- train_recall ---
0.1634,0.0000,0.0012,0.0414,0.1844,0.3292,0.4658,0.5541,0.6212,0.6609,0.6812,0.7090,0.7253,0.7284,0.7441,0.7537,0.7547,0.7585,0.7653,0.7695,0.7874,0.7961,0.8016,0.8033,0.8063,0.8106,0.8095,0.8124,0.8138,0.8154,0.8155,0.8183,0.8201,0.8201,0.8214,0.8216,0.8233,0.8239,0.8246,0.8242,0.8257,0.8263,0.8259,0.8271,0.8281,0.8273,0.8291,0.8289,0.8293,0.8303,0.8301,0.8320,0.8295,0.8324,0.8323,0.8329,0.8312

--- val_loss ---
0.0232,0.0181,0.0155,0.0137,0.0122,0.0110,0.0100,0.0092,0.0086,0.0080,0.0076,0.0072,0.0069,0.0067,0.0065,0.0063,0.0061,0.0060,0.0059,0.0058,0.0053,0.0051,0.0050,0.0049,0.0049,0.0048,0.0047,0.0047,0.0046,0.0046,0.0046,0.0045,0.0045,0.0045,0.0045,0.0045,0.0044,0.0044,0.0045,0.0044,0.0044,0.0043,0.0043,0.0043,0.0043,0.0043,0.0043,0.0043,0.0042,0.0042,0.0042,0.0042,0.0042,0.0042,0.0042,0.0042,0.0042

--- val_f1_score ---
0.0000,0.0000,0.0000,0.0207,0.1270,0.3902,0.5326,0.6393,0.6738,0.7119,0.7408,0.7614,0.7683,0.7732,0.7862,0.7939,0.8003,0.8006,0.8018,0.8074,0.8312,0.8298,0.8343,0.8332,0.8361,0.8369,0.8431,0.8430,0.8471,0.8487,0.8475,0.8513,0.8494,0.8505,0.8523,0.8515,0.8547,0.8528,0.8455,0.8541,0.8563,0.8561,0.8569,0.8582,0.8535,0.8585,0.8555,0.8589,0.8601,0.8592,0.8626,0.8616,0.8600,0.8601,0.8631,0.8626,0.8632

--- val_acc ---
0.0000,0.0000,0.0000,0.0105,0.0678,0.2424,0.3629,0.4699,0.5080,0.5526,0.5883,0.6148,0.6237,0.6302,0.6477,0.6582,0.6671,0.6675,0.6692,0.6771,0.7111,0.7092,0.7157,0.7140,0.7183,0.7196,0.7287,0.7286,0.7348,0.7371,0.7354,0.7410,0.7383,0.7398,0.7426,0.7414,0.7463,0.7434,0.7323,0.7454,0.7487,0.7485,0.7497,0.7516,0.7445,0.7521,0.7474,0.7527,0.7545,0.7532,0.7584,0.7569,0.7544,0.7545,0.7591,0.7584,0.7594

--- val_recall ---
0.0000,0.0000,0.0000,0.0105,0.0680,0.2469,0.3751,0.4957,0.5378,0.5910,0.6350,0.6695,0.6777,0.6843,0.7101,0.7244,0.7388,0.7367,0.7369,0.7498,0.8052,0.7848,0.7947,0.7835,0.7902,0.7902,0.8105,0.8076,0.8196,0.8250,0.8155,0.8293,0.8172,0.8206,0.8269,0.8212,0.8354,0.8212,0.7929,0.8249,0.8342,0.8297,0.8328,0.8373,0.8153,0.8336,0.8202,0.8331,0.8377,0.8318,0.8525,0.8452,0.8331,0.8331,0.8484,0.8430,0.8479

