--- train_loss ---
0.0784,0.0655,0.0615,0.0582,0.0551,0.0521,0.0493,0.0467,0.0440,0.0415,0.0402,0.0398,0.0395,0.0392,0.0390,0.0387,0.0385,0.0382,0.0379,0.0377,0.0375,0.0371,0.0369,0.0366,0.0364,0.0361,0.0358,0.0357,0.0353,0.0352,0.0349,0.0347,0.0344,0.0342,0.0340,0.0338,0.0336,0.0333,0.0330,0.0329,0.0327,0.0325,0.0322,0.0320,0.0318,0.0315,0.0314,0.0312,0.0310,0.0307,0.0306,0.0304,0.0301,0.0299,0.0297,0.0296,0.0293,0.0291,0.0289

--- train_f1_score ---
0.4678,0.7790,0.8348,0.8561,0.8651,0.8690,0.8718,0.8748,0.8787,0.8798,0.8822,0.8848,0.8859,0.8860,0.8862,0.8871,0.8872,0.8876,0.8887,0.8894,0.8884,0.8896,0.8893,0.8913,0.8916,0.8912,0.8920,0.8904,0.8927,0.8919,0.8928,0.8930,0.8932,0.8938,0.8941,0.8938,0.8932,0.8953,0.8960,0.8942,0.8946,0.8950,0.8954,0.8960,0.8950,0.8966,0.8960,0.8961,0.8952,0.8962,0.8964,0.8958,0.8985,0.8976,0.8979,0.8979,0.8989,0.8991,0.8986

--- train_acc ---
0.3053,0.6380,0.7165,0.7485,0.7623,0.7683,0.7728,0.7775,0.7837,0.7854,0.7893,0.7933,0.7951,0.7954,0.7956,0.7971,0.7972,0.7980,0.7996,0.8008,0.7993,0.8012,0.8007,0.8040,0.8045,0.8038,0.8050,0.8024,0.8062,0.8049,0.8063,0.8067,0.8070,0.8080,0.8085,0.8080,0.8071,0.8104,0.8116,0.8086,0.8093,0.8100,0.8106,0.8116,0.8100,0.8125,0.8116,0.8118,0.8103,0.8120,0.8122,0.8113,0.8157,0.8142,0.8147,0.8147,0.8164,0.8167,0.8159

--- train_recall ---
0.9548,0.9268,0.9187,0.9180,0.9150,0.9173,0.9121,0.9069,0.9058,0.8984,0.8985,0.8992,0.8991,0.8997,0.8981,0.8988,0.8979,0.8971,0.8991,0.8990,0.8957,0.8979,0.8955,0.8989,0.8980,0.8958,0.8963,0.8943,0.8961,0.8946,0.8953,0.8957,0.8951,0.8942,0.8939,0.8939,0.8919,0.8953,0.8955,0.8929,0.8924,0.8917,0.8924,0.8940,0.8908,0.8922,0.8919,0.8919,0.8903,0.8906,0.8921,0.8901,0.8924,0.8925,0.8920,0.8917,0.8930,0.8925,0.8919

--- val_loss ---
0.0695,0.0651,0.0605,0.0592,0.0541,0.0527,0.0485,0.0455,0.0428,0.0386,0.0401,0.0400,0.0389,0.0392,0.0389,0.0382,0.0381,0.0388,0.0378,0.0375,0.0373,0.0375,0.0364,0.0363,0.0368,0.0357,0.0360,0.0355,0.0347,0.0346,0.0347,0.0346,0.0344,0.0340,0.0335,0.0339,0.0327,0.0329,0.0323,0.0326,0.0327,0.0316,0.0314,0.0319,0.0314,0.0309,0.0306,0.0308,0.0305,0.0299,0.0298,0.0298,0.0297,0.0293,0.0294,0.0284,0.0287,0.0285,0.0282

--- val_f1_score ---
0.7563,0.8232,0.8754,0.8733,0.8865,0.8880,0.9010,0.8968,0.9041,0.9052,0.9102,0.9100,0.9105,0.9119,0.9122,0.9126,0.9128,0.9113,0.9134,0.9124,0.9139,0.9127,0.9146,0.9149,0.9162,0.9147,0.9163,0.9163,0.9157,0.9170,0.9176,0.9167,0.9179,0.9180,0.9177,0.9191,0.9162,0.9184,0.9183,0.9200,0.9191,0.9197,0.9187,0.9199,0.9194,0.9205,0.9207,0.9208,0.9212,0.9196,0.9204,0.9203,0.9232,0.9198,0.9220,0.9229,0.9222,0.9222,0.9237

--- val_acc ---
0.6081,0.6995,0.7784,0.7750,0.7961,0.7985,0.8198,0.8129,0.8249,0.8267,0.8352,0.8348,0.8357,0.8381,0.8385,0.8392,0.8395,0.8370,0.8406,0.8389,0.8414,0.8395,0.8427,0.8431,0.8454,0.8428,0.8455,0.8455,0.8444,0.8467,0.8477,0.8462,0.8482,0.8484,0.8479,0.8504,0.8454,0.8491,0.8490,0.8519,0.8503,0.8513,0.8495,0.8516,0.8508,0.8526,0.8531,0.8533,0.8539,0.8511,0.8526,0.8523,0.8573,0.8515,0.8553,0.8569,0.8556,0.8556,0.8582

--- val_recall ---
0.9551,0.9480,0.9177,0.9437,0.9413,0.9473,0.9241,0.9234,0.9125,0.9018,0.9151,0.9256,0.9193,0.9154,0.9143,0.9174,0.9202,0.9311,0.9145,0.8971,0.9192,0.8984,0.9162,0.9075,0.9252,0.9041,0.9111,0.9171,0.9105,0.9145,0.9166,0.9113,0.9150,0.9117,0.9105,0.9199,0.8987,0.9080,0.9079,0.9192,0.9094,0.9096,0.9068,0.9074,0.9036,0.9126,0.9129,0.9100,0.9149,0.9021,0.9046,0.9033,0.9205,0.8976,0.9074,0.9142,0.9068,0.9040,0.9132

