--- train_loss ---
0.7722,0.6832,0.5663,0.4239,0.3259,0.2807,0.2622,0.2504,0.2447,0.2411,0.2360,0.2311,0.2272,0.2243,0.2238,0.2224,0.2213,0.2198,0.2194,0.2185,0.2186,0.2166,0.2160,0.2159,0.2155,0.2161,0.2135,0.2137,0.2126,0.2141,0.2134,0.2133,0.2124,0.2121,0.2118,0.2112,0.2102,0.2118,0.2110,0.2096,0.2109,0.2099,0.2091,0.2088,0.2106,0.2098,0.2098,0.2092,0.2091,0.2085,0.2077,0.2081,0.2079,0.2079,0.2062,0.2070,0.2055,0.2056,0.2063,0.2033

--- train_f1_score ---
0.2823,0.4744,0.6523,0.7169,0.7538,0.7655,0.7675,0.7713,0.7722,0.7727,0.7739,0.7758,0.7783,0.7804,0.7802,0.7812,0.7821,0.7833,0.7835,0.7842,0.7839,0.7858,0.7862,0.7863,0.7865,0.7859,0.7884,0.7881,0.7891,0.7875,0.7882,0.7882,0.7892,0.7892,0.7896,0.7901,0.7911,0.7896,0.7901,0.7916,0.7902,0.7912,0.7919,0.7923,0.7904,0.7912,0.7912,0.7919,0.7918,0.7925,0.7932,0.7927,0.7930,0.7928,0.7946,0.7937,0.7954,0.7953,0.7946,0.7975

--- train_acc ---
0.1644,0.3109,0.4840,0.5588,0.6049,0.6201,0.6227,0.6277,0.6289,0.6296,0.6312,0.6337,0.6370,0.6399,0.6397,0.6410,0.6421,0.6438,0.6440,0.6451,0.6445,0.6472,0.6477,0.6478,0.6481,0.6473,0.6506,0.6503,0.6516,0.6495,0.6504,0.6505,0.6518,0.6519,0.6523,0.6530,0.6544,0.6523,0.6530,0.6550,0.6531,0.6546,0.6555,0.6561,0.6535,0.6546,0.6545,0.6554,0.6554,0.6563,0.6573,0.6566,0.6571,0.6568,0.6592,0.6580,0.6603,0.6601,0.6592,0.6632

--- train_recall ---
0.9896,0.9762,0.9251,0.8626,0.8240,0.8075,0.7999,0.8015,0.7988,0.7977,0.7984,0.7974,0.8006,0.8025,0.8007,0.8031,0.8053,0.8059,0.8033,0.8060,0.8063,0.8113,0.8073,0.8090,0.8095,0.8098,0.8097,0.8106,0.8120,0.8094,0.8098,0.8111,0.8118,0.8130,0.8132,0.8120,0.8139,0.8130,0.8115,0.8144,0.8119,0.8152,0.8145,0.8143,0.8136,0.8143,0.8155,0.8139,0.8155,0.8153,0.8160,0.8161,0.8160,0.8151,0.8154,0.8166,0.8185,0.8176,0.8164,0.8199

--- val_loss ---
0.7066,0.6154,0.4866,0.3420,0.2866,0.2407,0.2348,0.2130,0.2066,0.2058,0.1999,0.2124,0.1950,0.1914,0.1910,0.1991,0.1903,0.2027,0.1968,0.2045,0.2001,0.1878,0.1859,0.2175,0.1900,0.2012,0.2027,0.1837,0.1901,0.1935,0.1909,0.1816,0.1828,0.1908,0.1867,0.1842,0.1979,0.1892,0.1908,0.1782,0.1793,0.1927,0.1795,0.1883,0.1979,0.1784,0.1827,0.1879,0.1810,0.1844,0.1839,0.1976,0.1968,0.1875,0.1958,0.1825,0.1768,0.1864,0.1757,0.1636

--- val_f1_score ---
0.4163,0.6145,0.6846,0.7624,0.7738,0.7960,0.7929,0.8057,0.8092,0.8068,0.8067,0.7931,0.8081,0.8112,0.8116,0.8042,0.8115,0.7985,0.8046,0.7973,0.8007,0.8129,0.8147,0.7826,0.8103,0.7975,0.7971,0.8162,0.8102,0.8056,0.8096,0.8181,0.8170,0.8083,0.8121,0.8157,0.8006,0.8093,0.8079,0.8215,0.8199,0.8057,0.8193,0.8118,0.8005,0.8205,0.8156,0.8111,0.8180,0.8144,0.8146,0.8002,0.8015,0.8128,0.8038,0.8176,0.8219,0.8116,0.8219,0.8362

--- val_acc ---
0.2629,0.4435,0.5204,0.6160,0.6311,0.6611,0.6569,0.6747,0.6796,0.6761,0.6760,0.6572,0.6779,0.6823,0.6829,0.6725,0.6828,0.6646,0.6730,0.6629,0.6677,0.6848,0.6874,0.6428,0.6811,0.6632,0.6626,0.6895,0.6810,0.6745,0.6802,0.6921,0.6906,0.6783,0.6837,0.6887,0.6675,0.6797,0.6777,0.6971,0.6947,0.6746,0.6938,0.6831,0.6673,0.6956,0.6886,0.6823,0.6921,0.6870,0.6873,0.6669,0.6688,0.6847,0.6720,0.6915,0.6977,0.6829,0.6976,0.7185

--- val_recall ---
0.9846,0.9599,0.9385,0.8752,0.8504,0.8206,0.8635,0.8101,0.8494,0.8325,0.7953,0.8673,0.8126,0.8190,0.8512,0.8773,0.8503,0.8070,0.8760,0.8911,0.8696,0.8571,0.8751,0.8959,0.8652,0.8906,0.8947,0.8715,0.8640,0.8872,0.8790,0.8607,0.8757,0.8816,0.8611,0.8622,0.8252,0.8797,0.8480,0.8924,0.8849,0.9000,0.8543,0.8698,0.8664,0.8635,0.8832,0.8744,0.8740,0.8468,0.8537,0.8344,0.8900,0.8530,0.8761,0.8665,0.8954,0.8929,0.8753,0.8754

